camera_matrix:
- - 569.3155445884614
  - 0.0
  - 323.7064908865136
- - 0.0
  - 567.1445675868533
  - 243.2357658916103
- - 0.0
  - 0.0
  - 1.0
dist_coeff:
- - -0.3303444399287823
  - 0.021401880659385312
  - -0.0015660937974216775
  - 0.003353512641585592
  - 0.2645231570106172
