camera_matrix:
- - 566.9927600991795
  - 0.0
  - 336.9504954699769
- - 0.0
  - 566.3630807278505
  - 233.3086675282399
- - 0.0
  - 0.0
  - 1.0
dist_coeff:
- - -0.36235274552329483
  - 0.19895030853054055
  - -0.0006405595292919622
  - 0.000476767689955896
  - -0.09862163611649302
